124.500000 296.500000
125.000000 296.500000
125.500000 296.500000
126.000000 296.500000
126.500000 296.500000
127.000000 296.500000
127.500000 296.500000
128.000000 296.500000
128.500000 296.500000
129.000000 296.500000
129.500000 296.500000
130.000000 296.500000
130.500000 296.500000
131.000000 296.500000
131.500000 296.500000
132.000000 296.500000
132.500000 296.500000
133.000000 296.500000
133.500000 296.500000
134.000000 297.000000
134.500000 297.000000
135.000000 297.000000
135.500000 297.000000
136.000000 297.000000
136.500000 297.000000
137.000000 297.000000
137.500000 297.000000
138.000000 297.000000
138.500000 297.000000
139.000000 297.000000
139.500000 297.000000
140.000000 297.000000
140.500000 297.000000
141.000000 297.000000
141.500000 297.000000
142.000000 297.000000
142.500000 297.000000
143.000000 297.000000
143.500000 297.000000
144.000000 297.000000
144.500000 297.000000
145.000000 297.000000
145.500000 297.000000
146.000000 297.000000
146.500000 297.000000
147.000000 297.000000
147.500000 297.000000
148.000000 297.000000
148.500000 297.500000
149.000000 297.500000
149.500000 297.500000
150.000000 297.500000
150.500000 297.500000
151.000000 297.500000
151.500000 297.500000
152.000000 297.500000
152.500000 297.500000
153.000000 297.500000
153.500000 297.500000
154.000000 297.500000
154.500000 297.500000
155.000000 297.500000
155.500000 297.500000
156.000000 297.500000
156.500000 297.500000
157.000000 297.500000
157.500000 297.500000
158.000000 297.500000
158.500000 297.500000
159.000000 297.500000
159.500000 297.500000
160.000000 297.500000
160.500000 297.500000
161.000000 297.500000
161.500000 297.500000
162.000000 297.500000
162.500000 298.000000
163.000000 298.000000
163.500000 298.000000
164.000000 298.000000
164.500000 298.000000
165.000000 298.000000
165.500000 298.000000
166.000000 298.000000
166.500000 298.000000
167.000000 298.000000
167.500000 298.000000
168.000000 298.000000
168.500000 298.000000
169.000000 298.000000
169.500000 298.000000

